13

170
-1 36 48 81 
-1 7 77 221 
-1 18 63 77 
-1 2 89 212 

170
-1 36 48 81 
-1 7 77 221 
-1 18 63 77 
-1 2 65 237

170
-1 36 48 81 
-1 7 77 221 
-1 18 63 77 
-1 81 26 197 

170
-1 81 26 103 
-1 18 63 223 
-1 7 77 79 
-1 36 48 219

170
-1 2 65 63
-1 18 63 223 
-1 7 77 79 
-1 36 48 219

170
-1 2 89 88
-1 18 63 223 
-1 7 77 79 
-1 36 48 219

170
-1 7 77 79
-1 36 48 219 
-1 2 89 88
-1 18 63 223 

170
-1 7 77 79
-1 36 48 219 
-1 2 65 63
-1 18 63 223 

170
-1 7 77 79
-1 36 48 219 
-1 81 26 103
-1 18 63 223

170
-1 18 63 77 
-1 81 26 197 
-1 36 48 81
-1 7 77 221 

170
-1 18 63 77 
-1 2 65 237 
-1 36 48 81
-1 7 77 221

170
-1 18 63 77 
-1 2 89 212 
-1 36 48 81
-1 7 77 221 

170
-1 36 48 81 
-1 7 77 221
-1 18 63 77 
-1 2 89 212



 






