10

170
-2
90
90
150
-2
90
90
150
-2
90
90
150
-2
90
90
150

170
2
45
45
150
-2
90
90
150
-2
90
90
150
-2
90
90
150

170
2
90
90
150
-2
90
90
150
-2
90
90
150
-2
90
90
150

170
2
90
90
150
-2
90
90
150
2
45
45
150
-2
90
90
150

170
2
90
90
150
-2
90
90
150
2
90
90
150
-2
90
90
150

170
-2
90
90
150
2
90
90
150
-2
90
90
150
2
90
90
150

170
-2
90
90
150
-2
45
45
150
-2
90
90
150
2
90
90
150

170
-2
90
90
150
-2
90
90
150
-2
90
90
150
2
90
90
150

170
-2
90
90
150
-2
90
90
150
-2
90
90
150
-2
45
45
150

170
-2
90
90
150
-2
90
90
150
-2
90
90
150
-2
90
90
150
