13

170
-1
90
90
150
1
90
90
150
0
90
90
150
2
0
0
150

170
-1
90
90
150
1
90
90
150
0
90
90
150
-2
90
90
150

170
-1
90
90
150
1
90
90
150
0
90
90
150
-2
90
90
150

170
-2
90
90
150
0
90
90
150
1
90
90
150
-1
90
90
150

170
2
45
45
150
0
90
90
150
1
90
90
150
-1
90
90
150

170
2
90
90
150
0
90
90
150
1
90
90
150
-1
90
90
150

170
1
90
90
150
-1
90
90
150
2
90
90
150
0
90
90
150

170
1
90
90
150
-1
90
90
150
-2
45
45
150
0
90
90
150

170
1
90
90
150
-1
90
90
150
-2
90
90
150
0
90
90
150

170
0
90
90
150
-2
90
90
150
-1
90
90
150
1
90
90
150

170
0
90
90
150
2
45
45
150
-1
90
90
150
1
90
90
150

170
0
90
90
150
2
90
90
150
-1
90
90
150
1
90
90
150

170
-1
90
90
150
1
90
90
150
0
90
90
150
2
90
90
150
