acceptable angles calculated from matlab 
-127 
-1 1 53 62 
-1 1 53 238 
-1 1 53 62 
-1 1 53 238 

-1 7 48 62 
-1 7 48 238 
-1 7 48 62 
-1 7 48 238 

-1 15 42 64 
-1 15 42 236 
-1 15 42 64 
-1 15 42 236 

-1 23 36 66 
-1 23 36 234 
-1 23 36 66 
-1 23 36 234 

-1 34 29 70 
-1 34 29 230 
-1 34 29 70 
-1 34 29 230 

-128 
-1 4 51 63 
-1 4 51 237 
-1 4 51 63 
-1 4 51 237 

-1 10 46 64 
-1 10 46 236 
-1 10 46 64 
-1 10 46 236 

-1 18 40 65 
-1 18 40 235 
-1 18 40 65 
-1 18 40 235 

-1 27 34 68 
-1 27 34 232 
-1 27 34 68 
-1 27 34 232 

-1 38 27 73 
-1 38 27 227 
-1 38 27 73 
-1 38 27 227 

-129 
-1 6 49 64 
-1 6 49 236 
-1 6 49 64 
-1 6 49 236 

-1 13 44 65 
-1 13 44 235 
-1 13 44 65 
-1 13 44 235 

-1 20 38 67 
-1 20 38 233 
-1 20 38 67 
-1 20 38 233 

-1 30 31 70 
-1 30 31 230 
-1 30 31 70 
-1 30 31 230 

-1 42 25 75 
-1 42 25 225 
-1 42 25 75 
-1 42 25 225 

-130 
-1 8 47 66 
-1 8 47 234 
-1 8 47 66 
-1 8 47 234 

-1 15 42 67 
-1 15 42 233 
-1 15 42 67 
-1 15 42 233 

-1 24 36 69 
-1 24 36 231 
-1 24 36 69 
-1 24 36 231 

-1 34 29 73 
-1 34 29 227 
-1 34 29 73 
-1 34 29 227 

-1 46 22 78 
-1 46 22 222 
-1 46 22 78 
-1 46 22 222 

